WR        3         1.01      1.02      1.03      1.04      1.05      1.06      1.07      1.08      1.09      1.1       1.11      1.12      1.13      1.14      1.15      1.16
RD        3
WR        4         2.01      2.02      2.03      2.04      2.05      2.06      2.07      2.08      2.09      2.1       2.11      2.12      2.13      2.14      2.15      2.16
RD        4
WR        5         3.01      3.02      3.03      3.04      3.05      3.06      3.07      3.08      3.09      3.1       3.11      3.12      3.13      3.14      3.15      3.16
RD        5
RD        2
RD        3
RD        4
RD        5
RD        6
RD        7
RD        8
RD        9
RD        10
RD        11
RD        12
RD        13
RD        14
RD        15
RD        16
RD        17
RD        18
RD        19
RD        20
RD        21
RD        22
RD        23
RD        24
RD        25
RD        26
RD        27
RD        28
